785
1268
2006
2299
2592
3553
5503
6763
6818
7888
7977
8211
9891
14888
15335
15660
16439
16451
18737
19109
20333
23359
23899
27768
29393
29397
31735
31749
32610
32735
34139
35682
37777
39551
39769
40083
41872
42528
45550
46804
47585
49269
49810
50679
50943
53909
55299
57027
58539
59598
60090
60855
61418
63602
64499
64868
66231
66561
66706
66841
67315
67406
67616
69356
70048
71226
71711
76261
76416
76731
79031
80340
80949
81738
82085
82765
84664
85157
85665
86582
87144
88269
88485
88951
88970
89670
91615
91921
93353
94336
97994
98287
98853
99054
102356
104119
104612
105912
106281
109827
111179
112997
113403
113867
115118
115245
117744
122606
122927
124798
125211
125472
125572
126226
127135
128112
128658
128748
130586
135902
136033
137950
139684
140658
142790
144300
144784
145591
146363
148508
149568
150224
150649
151051
151662
152214
152465
152771
153011
154000
154213
154425
155443
156071
157807
158548
159311
159977
161008
161128
161861
166166
167128
167353
168974
170191
172595
173004
173044
175438
180560
183391
184338
184400
184978
186873
187055
188689
189078
189213
189698
190140
190841
192607
195045
197658
197870
200252
202001
203580
205776
206994
208423
209222
214753
215072
216419
217614
217753
220764
220858
221502
221754
223130
223188
223738
227044
227482
227686
228981
229659
229849
229858
230450
231508
231831
233033
235064
238039
239274
240940
241326
242411
243989
244019
244592
244750
248284
248314
248810
251537
255965
256518
258793
259854
263969
265518
267191
267537
268378
270386
271116
272212
273493
273551
273711
277005
278973
279774
279927
280710
280891
284743
286907
287347
289393
289417
289741
289938
289992
292415
292997
293245
296969
297084
298697
298904
300842
301867
302165
306437
308545
309655
310072
311394
312489
313562
314264
315187
318080
320743
321790
323263
323828
325306
326248
329447
329456
331799
332351
332455
333956
334530
334555
335658
337987
338532
338901
338986
340175
340930
341973
342971
343466
344816
345261
345397
347456
347664
348481
348881
349184
350019
352582
352684
354072
355610
355905
356169
356248
356387
356424
356428
356531
360097
360564
361268
362520
363840
364102
365886
367569
369442
370818
371042
371472
371529
372466
373705
374727
376264
376900
377239
377486
377575
377882
378244
379441
381360
382030
383443
384468
385997
386457
386912
388056
388215
388258
390301
390555
392933
393014
393569
394206
395388
395801
397354
400082
400815
401991
402334
403122
405306
405691
407002
407298
407614
408112
410735
411817
414385
414510
414676
415741
416330
417465
418062
422886
424521
424776
426297
426372
428280
429530
430875
431848
438017
438862
438876
441442
442822
444142
445722
445834
446206
446574
446703
447342
449198
450075
451308
451879
452122
453584
453860
455624
456143
456559
458755
459500
459757
460682
460929
463918
466567
466602
468124
468954
471756
471991
473118
473406
474095
475191
475387
475484
476491
477623
477955
478286
479126
479155
481582
482100
482800
485237
486040
489764
491613
491757
492282
493286
494913
497344
499181
502732
505789
506279
507015
507037
507975
508101
508917
509699
511999
512476
520324
521509
522713
522889
524742
526706
528705
528862
528980
530466
531707
531771
532129
535578
540414
542856
546717
547336
549167
550797
552775
553221
553511
553664
556765
557672
558421
559160
559547
560911
562229
563758
564133
568439
568710
570664
570782
572462
574702
575372
577862
578871
578967
580410
